10000 11
20000 38
30000 78
40000 128
50000 192
60000 265
70000 351
80000 450
90000 556
100000 672
110000 813
120000 965
130000 1129
140000 1282
150000 1465
160000 1676
170000 1879
180000 2121
190000 2379
200000 2635
210000 2996
220000 3291
230000 3590
240000 3888
250000 4178
260000 4565
270000 4902
280000 5258
290000 5669
300000 6072
310000 6510
320000 6965
330000 7385
340000 7919
350000 10243
360000 11489
370000 12259
380000 12872
390000 13646
400000 10986
410000 11587
420000 12197
430000 12723
440000 13429
450000 14007
460000 14577
470000 15329
480000 15986
490000 16799
500000 17379
510000 18134
520000 18923
530000 19603
540000 20425
550000 21070
560000 21869
570000 22752
580000 23611
590000 24586
600000 25183
610000 26273
620000 26886
630000 27988
640000 28734
650000 29844
660000 30581
670000 31644
680000 32759
690000 33874
700000 34709
710000 35483
720000 37110
730000 37760
740000 39190
750000 40018
760000 41259
770000 42132
780000 43309
790000 44469
800000 45624
810000 47096
820000 48104
830000 49347
840000 50379
850000 51686
860000 53060
870000 54262
880000 55604
890000 56625
900000 57917
910000 59655
920000 60974
930000 62170
940000 63183
950000 81269
960000 91375
970000 91624
980000 94683
990000 70828
1000000 72886
